tai50a.dat better
5405898
[28, 37, 32, 44, 24, 31, 27, 39, 36, 19, 16, 26, 15, 34, 40, 22, 10, 30, 17, 12, 20, 21, 8, 23, 11, 43, 4, 6, 0, 9, 18, 5, 2, 29, 13, 41, 7, 1, 48, 35, 14, 25, 42, 49, 3, 45, 46, 38, 47, 33]
3.28941
5502270

tai50a.dat rw
5489494
[28, 40, 18, 31, 25, 37, 4, 33, 24, 29, 13, 26, 12, 42, 43, 14, 20, 49, 2, 39, 45, 10, 6, 46, 8, 30, 16, 27, 0, 9, 22, 3, 35, 7, 36, 21, 34, 5, 32, 11, 17, 41, 38, 48, 19, 44, 15, 47, 23, 1]
1.18093
5621585

tai50a.dat lsmc
5497950
[28, 37, 32, 29, 21, 49, 38, 48, 24, 33, 10, 23, 41, 35, 18, 15, 20, 17, 16, 31, 44, 4, 40, 36, 8, 12, 26, 27, 0, 30, 22, 3, 2, 25, 46, 39, 43, 1, 6, 34, 9, 14, 11, 13, 19, 45, 42, 47, 7, 5]
1.24295
5547707

tai80b.dat better
968408953
[6, 39, 62, 79, 42, 65, 0, 31, 7, 33, 37, 49, 44, 50, 66, 75, 45, 68, 67, 38, 41, 72, 76, 26, 36, 77, 32, 55, 20, 27, 25, 29, 53, 10, 8, 11, 21, 63, 19, 1, 78, 73, 4, 47, 12, 16, 22, 46, 15, 40, 13, 43, 70, 23, 54, 48, 51, 57, 9, 71, 58, 61, 2, 34, 64, 5, 14, 18, 17, 30, 69, 60, 24, 28, 74, 52, 35, 59, 56, 3]
11.90000
1006648421

tai80b.dat rw
1002602155
[6, 39, 34, 9, 51, 22, 0, 70, 31, 37, 49, 78, 67, 75, 53, 55, 18, 32, 66, 12, 45, 71, 5, 27, 50, 38, 30, 57, 61, 59, 26, 8, 64, 73, 2, 41, 24, 20, 10, 1, 36, 35, 40, 23, 72, 60, 74, 44, 54, 25, 48, 4, 28, 14, 79, 15, 62, 21, 11, 16, 43, 3, 56, 77, 58, 63, 52, 29, 68, 69, 7, 42, 47, 65, 76, 13, 19, 17, 33, 46]
7.34894
1044592934

tai80b.dat lsmc
986111890
[6, 39, 34, 37, 51, 22, 0, 67, 70, 49, 25, 76, 58, 53, 62, 41, 20, 75, 79, 77, 16, 54, 5, 65, 36, 10, 44, 55, 27, 57, 78, 71, 38, 40, 2, 72, 35, 31, 28, 1, 12, 15, 73, 46, 14, 3, 43, 68, 23, 9, 45, 4, 64, 13, 21, 50, 47, 69, 56, 52, 29, 26, 61, 33, 66, 59, 63, 7, 42, 32, 60, 48, 24, 8, 18, 17, 11, 19, 30, 74]
8.75374
1037528145

tai60b.dat better
735074362
[42, 48, 25, 8, 21, 27, 34, 17, 3, 45, 38, 51, 28, 12, 53, 43, 29, 9, 30, 20, 33, 4, 22, 39, 47, 2, 50, 10, 18, 59, 36, 24, 46, 52, 6, 35, 11, 13, 5, 37, 40, 7, 0, 15, 44, 31, 26, 19, 1, 41, 16, 23, 32, 54, 14, 55, 56, 57, 58, 49]
3.46376
780540558

tai60b.dat rw
765318149
[42, 48, 25, 6, 51, 3, 21, 34, 56, 11, 30, 9, 13, 12, 54, 40, 17, 5, 33, 43, 19, 58, 55, 59, 24, 2, 44, 50, 18, 23, 10, 15, 37, 52, 7, 47, 39, 57, 49, 36, 26, 31, 0, 28, 38, 27, 32, 53, 1, 29, 45, 4, 20, 41, 14, 22, 16, 8, 35, 46]
2.35042
824437057

tai60b.dat lsmc
747382992
[42, 48, 25, 8, 15, 51, 34, 45, 3, 28, 21, 12, 9, 38, 50, 4, 55, 35, 46, 57, 18, 33, 37, 54, 59, 2, 29, 47, 31, 19, 36, 49, 24, 26, 6, 17, 41, 56, 13, 23, 11, 10, 0, 14, 20, 5, 7, 27, 1, 32, 52, 44, 22, 58, 30, 16, 43, 53, 40, 39]
2.84339
776867060

tai100b.dat better
1381848632
[69, 52, 92, 98, 7, 81, 67, 4, 32, 95, 79, 70, 19, 76, 27, 42, 40, 56, 50, 12, 78, 24, 68, 26, 66, 39, 85, 14, 88, 30, 86, 61, 55, 80, 15, 49, 72, 99, 94, 21, 83, 31, 23, 71, 17, 63, 16, 38, 87, 46, 73, 8, 1, 64, 82, 65, 59, 36, 74, 60, 44, 84, 28, 53, 34, 75, 47, 45, 22, 0, 11, 93, 35, 43, 51, 25, 13, 6, 20, 10, 33, 5, 57, 41, 62, 58, 96, 77, 18, 90, 89, 29, 2, 54, 91, 9, 48, 97, 3, 37]
29.93779
1420020216

tai100b.dat rw
1424175151
[69, 52, 98, 92, 7, 81, 67, 4, 20, 19, 79, 74, 77, 27, 54, 26, 42, 40, 78, 9, 8, 14, 58, 55, 57, 85, 44, 13, 70, 76, 88, 80, 99, 72, 97, 49, 30, 96, 18, 41, 17, 38, 16, 66, 71, 87, 56, 34, 35, 39, 94, 86, 1, 95, 45, 23, 91, 47, 33, 90, 62, 29, 11, 63, 51, 24, 89, 6, 48, 0, 28, 36, 83, 31, 84, 59, 37, 12, 65, 10, 68, 5, 60, 46, 61, 50, 75, 43, 21, 15, 64, 73, 3, 93, 53, 82, 25, 22, 2, 32]
18.10643
1448976501

tai100b.dat lsmc
1404677344
[69, 52, 92, 42, 67, 79, 20, 4, 19, 32, 81, 98, 77, 26, 50, 49, 75, 88, 55, 6, 8, 93, 99, 91, 34, 61, 13, 70, 36, 44, 63, 51, 9, 83, 95, 33, 28, 11, 65, 86, 16, 45, 3, 46, 29, 25, 43, 94, 37, 15, 14, 31, 1, 23, 62, 18, 96, 7, 27, 60, 74, 59, 84, 68, 54, 66, 64, 76, 24, 0, 82, 71, 72, 89, 40, 56, 35, 12, 47, 5, 10, 41, 39, 87, 30, 57, 48, 38, 17, 97, 22, 58, 2, 21, 78, 73, 80, 53, 90, 85]
20.05967
1439778617

tai100a.dat better
22592548
[52, 63, 94, 24, 83, 11, 51, 87, 15, 96, 19, 5, 8, 57, 37, 98, 25, 32, 34, 69, 66, 53, 73, 80, 3, 16, 61, 74, 82, 31, 93, 29, 17, 89, 18, 35, 58, 42, 13, 39, 40, 41, 48, 43, 75, 45, 46, 86, 14, 49, 84, 99, 0, 26, 76, 20, 21, 28, 72, 59, 71, 77, 92, 1, 44, 23, 55, 10, 68, 36, 70, 60, 7, 38, 30, 91, 22, 65, 33, 56, 64, 81, 54, 4, 67, 85, 47, 27, 88, 78, 90, 79, 62, 50, 2, 95, 9, 97, 12, 6]
44.77422
22872737

tai100a.dat rw
22958486
[52, 4, 72, 85, 79, 96, 81, 24, 87, 76, 34, 13, 93, 11, 89, 22, 33, 91, 26, 25, 6, 20, 10, 61, 77, 19, 41, 7, 40, 14, 86, 90, 74, 37, 63, 60, 49, 78, 46, 75, 28, 59, 45, 98, 68, 50, 23, 97, 17, 29, 67, 35, 0, 38, 39, 62, 54, 99, 42, 51, 36, 70, 80, 18, 57, 66, 69, 82, 44, 65, 58, 1, 2, 73, 32, 88, 9, 64, 43, 71, 48, 21, 16, 83, 84, 3, 30, 8, 27, 15, 56, 55, 92, 12, 53, 95, 5, 47, 31, 94]
18.12859
23096896

tai100a.dat lsmc
22922990
[52, 63, 99, 24, 75, 14, 67, 88, 79, 10, 9, 12, 34, 93, 5, 33, 48, 37, 26, 84, 76, 95, 16, 82, 3, 81, 8, 7, 57, 71, 46, 54, 92, 15, 22, 78, 94, 17, 69, 96, 80, 62, 64, 45, 36, 38, 39, 91, 11, 49, 35, 97, 0, 40, 31, 60, 77, 28, 58, 89, 73, 61, 41, 1, 27, 32, 87, 6, 21, 56, 20, 85, 86, 66, 51, 4, 55, 65, 98, 18, 68, 25, 23, 29, 19, 70, 74, 44, 30, 59, 90, 47, 53, 13, 72, 83, 42, 50, 43, 2]
21.90749
23072559

tai64c.dat better
1868700
[38, 34, 40, 44, 50, 54, 60, 56, 28, 10, 12, 14, 16, 63, 62, 11, 9, 33, 43, 58, 46, 18, 22, 55, 23, 52, 57, 48, 26, 25, 47, 53, 45, 36, 1, 42, 31, 39, 0, 59, 2, 32, 37, 21, 3, 7, 49, 30, 41, 27, 4, 8, 51, 24, 5, 29, 35, 20, 19, 17, 6, 15, 61, 13]
4.93076
1952797

tai64c.dat rw
1870246
[38, 42, 36, 32, 52, 48, 22, 62, 12, 58, 26, 10, 8, 5, 61, 60, 59, 53, 56, 11, 18, 51, 6, 57, 20, 30, 19, 55, 47, 31, 17, 24, 3, 45, 34, 35, 2, 54, 0, 49, 41, 39, 1, 27, 16, 37, 29, 44, 23, 9, 28, 33, 4, 21, 63, 50, 40, 46, 25, 43, 15, 14, 7, 13]
3.09579
1973378

tai64c.dat lsmc
1860942
[38, 42, 44, 40, 24, 28, 62, 14, 56, 8, 4, 58, 18, 63, 17, 13, 60, 10, 27, 7, 57, 55, 54, 9, 53, 23, 32, 51, 5, 11, 49, 25, 47, 36, 37, 43, 33, 46, 0, 26, 3, 31, 1, 52, 2, 35, 41, 48, 15, 12, 29, 45, 34, 39, 30, 21, 22, 20, 50, 19, 16, 59, 6, 61]
4.22634
1966733

tai60a.dat better
7864632
[25, 26, 41, 20, 10, 40, 12, 42, 55, 47, 31, 54, 6, 36, 18, 45, 4, 35, 11, 23, 3, 59, 44, 29, 24, 0, 14, 28, 16, 15, 38, 27, 22, 33, 43, 1, 13, 37, 48, 19, 30, 2, 7, 34, 39, 56, 46, 9, 5, 49, 50, 51, 8, 53, 21, 52, 32, 57, 58, 17]
6.20245
7957442

tai60a.dat rw
7919978
[25, 26, 41, 16, 28, 20, 39, 34, 13, 27, 48, 35, 12, 56, 8, 43, 3, 30, 24, 54, 32, 59, 11, 52, 21, 0, 1, 9, 4, 5, 49, 53, 22, 10, 7, 31, 29, 45, 42, 6, 51, 2, 58, 15, 50, 38, 18, 19, 17, 40, 36, 37, 46, 23, 33, 44, 14, 57, 55, 47]
2.38977
8135129

tai60a.dat lsmc
7964502
[25, 26, 41, 6, 16, 20, 3, 34, 48, 10, 56, 12, 27, 15, 21, 59, 4, 45, 36, 35, 5, 52, 32, 37, 24, 0, 1, 9, 33, 55, 53, 29, 22, 44, 7, 14, 31, 23, 38, 54, 46, 2, 39, 50, 13, 30, 17, 19, 51, 49, 40, 8, 28, 42, 43, 18, 11, 57, 58, 47]
2.71092
8088570

tai50b.dat better
543212503
[15, 37, 17, 8, 40, 14, 33, 31, 28, 46, 18, 24, 47, 36, 5, 0, 32, 2, 11, 23, 30, 20, 22, 26, 48, 13, 19, 3, 29, 10, 21, 7, 25, 6, 16, 35, 27, 1, 34, 49, 4, 42, 41, 43, 12, 45, 9, 38, 44, 39]
3.26302
553590435

tai50b.dat rw
596771457
[15, 37, 40, 24, 17, 18, 33, 31, 9, 8, 28, 21, 11, 20, 19, 0, 49, 34, 5, 30, 48, 25, 26, 12, 3, 36, 22, 47, 10, 23, 4, 32, 7, 16, 14, 38, 29, 1, 44, 41, 2, 39, 42, 45, 46, 43, 27, 6, 35, 13]
1.16095
622657279

tai50b.dat lsmc
565891456
[15, 37, 17, 5, 48, 12, 19, 33, 31, 47, 29, 36, 40, 16, 21, 0, 14, 2, 45, 28, 27, 3, 30, 26, 10, 42, 23, 13, 46, 20, 22, 25, 8, 18, 49, 39, 32, 1, 24, 41, 34, 35, 11, 38, 44, 7, 6, 9, 4, 43]
1.36470
617744876

tai150b.dat better
561003300
[5, 33, 69, 149, 117, 0, 20, 61, 144, 85, 119, 39, 44, 49, 134, 78, 86, 17, 62, 142, 6, 56, 130, 42, 55, 116, 36, 137, 58, 88, 101, 139, 41, 1, 96, 93, 136, 7, 70, 11, 53, 32, 23, 75, 12, 28, 95, 38, 60, 13, 129, 105, 145, 115, 109, 9, 21, 52, 29, 121, 48, 37, 126, 87, 74, 64, 124, 68, 118, 2, 140, 106, 143, 107, 147, 91, 81, 83, 15, 135, 22, 113, 127, 97, 141, 24, 16, 25, 98, 27, 77, 120, 114, 99, 63, 57, 34, 125, 128, 73, 67, 133, 94, 103, 72, 76, 71, 82, 108, 35, 111, 102, 112, 46, 50, 51, 146, 4, 89, 10, 31, 80, 45, 59, 66, 92, 84, 47, 138, 65, 90, 132, 104, 26, 14, 79, 30, 110, 54, 43, 40, 123, 19, 100, 8, 18, 122, 131, 148, 3]
171.57079
568175761

tai150b.dat rw
570039237
[5, 42, 69, 149, 61, 0, 20, 33, 117, 98, 55, 39, 44, 134, 15, 14, 86, 140, 116, 75, 6, 50, 31, 112, 46, 62, 142, 146, 60, 41, 124, 82, 88, 7, 95, 51, 119, 38, 37, 11, 93, 128, 1, 129, 12, 90, 24, 107, 72, 127, 21, 100, 43, 111, 99, 10, 121, 83, 27, 148, 125, 4, 18, 145, 77, 120, 29, 132, 73, 2, 133, 109, 48, 63, 118, 53, 144, 85, 54, 22, 56, 84, 79, 58, 108, 139, 16, 81, 32, 89, 49, 136, 35, 130, 106, 34, 102, 97, 9, 36, 40, 76, 19, 94, 80, 113, 138, 45, 101, 123, 96, 141, 23, 25, 105, 71, 70, 8, 110, 47, 65, 147, 87, 66, 30, 67, 92, 57, 52, 135, 103, 64, 59, 143, 13, 126, 74, 137, 26, 91, 17, 122, 28, 104, 78, 114, 68, 131, 115, 3]
90.34574
580410197

tai150b.dat lsmc
570197085
[5, 42, 69, 149, 61, 0, 20, 33, 117, 71, 55, 39, 87, 82, 73, 98, 134, 141, 109, 32, 6, 101, 37, 130, 46, 17, 119, 34, 78, 13, 142, 36, 86, 7, 116, 66, 128, 88, 35, 11, 93, 67, 1, 112, 54, 49, 136, 115, 90, 107, 72, 124, 108, 111, 9, 127, 114, 143, 96, 31, 10, 4, 53, 50, 148, 144, 65, 81, 43, 2, 80, 140, 129, 14, 8, 94, 95, 44, 62, 126, 102, 91, 27, 97, 83, 28, 76, 12, 16, 110, 146, 85, 105, 40, 75, 145, 121, 137, 15, 103, 21, 99, 139, 89, 25, 106, 132, 70, 131, 19, 120, 100, 64, 74, 56, 23, 29, 104, 48, 26, 118, 51, 135, 125, 92, 113, 79, 60, 59, 133, 30, 77, 147, 138, 58, 57, 84, 123, 22, 63, 41, 52, 47, 24, 45, 18, 38, 122, 68, 3]
106.23523
580007128

tai80a.dat better
14652698
[20, 74, 28, 65, 66, 47, 30, 40, 17, 70, 26, 57, 54, 22, 52, 49, 46, 8, 50, 79, 0, 11, 25, 67, 73, 61, 10, 53, 77, 29, 2, 6, 24, 31, 69, 78, 21, 16, 38, 23, 7, 72, 33, 43, 71, 45, 37, 5, 36, 15, 18, 34, 55, 63, 19, 14, 27, 42, 58, 56, 60, 13, 75, 48, 64, 3, 4, 39, 44, 51, 9, 68, 12, 32, 1, 35, 76, 59, 62, 41]
14.48747
14710752

tai80a.dat rw
14803366
[20, 74, 10, 75, 32, 67, 42, 40, 27, 11, 2, 9, 37, 66, 14, 59, 19, 48, 18, 16, 0, 4, 31, 38, 49, 46, 34, 8, 56, 70, 45, 52, 33, 72, 64, 50, 73, 12, 77, 61, 7, 44, 6, 36, 5, 26, 25, 22, 43, 79, 69, 51, 23, 53, 65, 71, 58, 57, 30, 15, 28, 60, 78, 63, 21, 47, 13, 41, 17, 62, 39, 55, 68, 76, 1, 3, 54, 29, 24, 35]
7.45289
15010943

tai80a.dat lsmc
14766274
[20, 31, 64, 65, 26, 25, 30, 49, 21, 9, 15, 70, 75, 66, 68, 47, 10, 19, 24, 17, 0, 8, 74, 44, 42, 5, 4, 76, 72, 28, 6, 1, 33, 12, 23, 34, 16, 79, 29, 67, 32, 45, 73, 55, 37, 48, 38, 35, 59, 7, 36, 62, 60, 57, 54, 43, 41, 78, 58, 51, 52, 61, 53, 22, 2, 3, 13, 39, 14, 69, 40, 50, 11, 18, 63, 46, 27, 77, 56, 71]
9.12189
14971706

tai256c.dat better
47310590
[174, 163, 183, 177, 186, 181, 195, 152, 207, 144, 216, 213, 219, 149, 221, 209, 154, 142, 239, 227, 131, 230, 201, 241, 248, 234, 129, 124, 252, 244, 254, 166, 10, 137, 116, 110, 20, 246, 242, 169, 191, 25, 114, 122, 240, 205, 91, 198, 251, 90, 34, 146, 171, 101, 89, 39, 139, 88, 249, 127, 157, 45, 134, 48, 196, 46, 66, 68, 86, 210, 54, 99, 96, 95, 58, 120, 237, 64, 83, 44, 215, 128, 81, 78, 53, 76, 93, 119, 57, 31, 43, 188, 231, 253, 59, 220, 72, 70, 98, 71, 73, 200, 233, 211, 147, 189, 238, 79, 150, 145, 35, 236, 232, 80, 162, 165, 32, 228, 226, 217, 75, 223, 49, 55, 27, 160, 176, 126, 218, 26, 170, 178, 212, 161, 208, 172, 187, 33, 85, 56, 37, 115, 17, 167, 9, 92, 51, 87, 214, 13, 197, 143, 7, 125, 16, 190, 67, 60, 203, 155, 107, 138, 50, 1, 62, 185, 245, 103, 121, 123, 141, 52, 199, 202, 0, 159, 100, 3, 36, 222, 148, 5, 158, 2, 243, 193, 4, 77, 65, 63, 179, 40, 247, 250, 173, 6, 175, 164, 47, 132, 168, 22, 102, 118, 61, 29, 135, 8, 206, 15, 69, 140, 229, 11, 192, 38, 235, 41, 151, 12, 109, 14, 224, 111, 84, 225, 82, 19, 117, 180, 21, 113, 112, 184, 255, 42, 105, 182, 106, 18, 108, 23, 104, 153, 204, 133, 136, 97, 24, 74, 94, 194, 28, 156, 30, 130]
854.58501
47662507

tai256c.dat rw
46879566
[174, 163, 170, 182, 176, 188, 184, 196, 156, 151, 144, 202, 221, 214, 149, 138, 228, 235, 239, 216, 206, 210, 125, 242, 136, 245, 146, 193, 132, 253, 142, 240, 112, 123, 118, 19, 153, 110, 21, 8, 199, 204, 26, 208, 247, 92, 31, 129, 34, 178, 243, 121, 23, 52, 233, 157, 181, 41, 114, 75, 116, 45, 251, 90, 89, 49, 83, 95, 99, 68, 88, 103, 56, 86, 20, 254, 77, 218, 62, 164, 64, 212, 108, 85, 171, 161, 81, 58, 249, 32, 63, 44, 91, 255, 252, 250, 105, 147, 42, 61, 55, 152, 155, 71, 39, 241, 237, 74, 197, 222, 37, 40, 128, 76, 48, 145, 148, 143, 67, 229, 150, 51, 226, 33, 207, 22, 224, 50, 172, 47, 200, 215, 28, 175, 141, 115, 24, 232, 15, 234, 133, 127, 30, 167, 10, 223, 98, 139, 100, 35, 187, 9, 82, 36, 236, 186, 104, 227, 189, 84, 117, 66, 183, 1, 101, 135, 180, 69, 87, 154, 2, 173, 246, 169, 0, 57, 4, 244, 179, 65, 165, 130, 3, 113, 6, 70, 213, 159, 5, 209, 158, 198, 14, 27, 38, 230, 7, 72, 166, 137, 109, 211, 11, 201, 94, 122, 111, 140, 43, 168, 194, 177, 73, 134, 13, 60, 192, 53, 185, 46, 190, 12, 160, 205, 126, 124, 248, 102, 16, 119, 220, 79, 195, 54, 93, 17, 107, 106, 59, 18, 219, 191, 131, 217, 80, 25, 97, 231, 96, 78, 120, 225, 162, 29, 238, 203]
769.63048
47746529

tai256c.dat lsmc
47138884
[174, 179, 169, 182, 176, 187, 149, 212, 200, 156, 209, 214, 151, 218, 223, 143, 189, 154, 226, 164, 240, 244, 131, 236, 105, 248, 194, 141, 254, 129, 134, 204, 197, 242, 252, 90, 18, 117, 231, 233, 24, 139, 119, 144, 112, 29, 92, 38, 60, 238, 124, 35, 184, 36, 97, 245, 41, 39, 75, 161, 140, 64, 136, 202, 87, 100, 65, 122, 205, 85, 95, 70, 109, 78, 114, 46, 14, 102, 146, 83, 224, 82, 32, 207, 73, 72, 68, 43, 63, 110, 250, 246, 108, 255, 103, 159, 40, 253, 232, 157, 201, 107, 9, 28, 203, 96, 243, 185, 150, 69, 58, 66, 44, 222, 71, 249, 229, 37, 235, 193, 106, 175, 228, 135, 50, 162, 79, 80, 219, 188, 198, 22, 239, 213, 76, 163, 113, 47, 208, 221, 210, 27, 145, 15, 160, 42, 86, 220, 195, 6, 137, 12, 132, 166, 17, 211, 77, 191, 62, 186, 48, 67, 99, 190, 19, 241, 138, 59, 89, 2, 181, 178, 127, 180, 0, 230, 4, 172, 148, 1, 173, 152, 3, 167, 52, 177, 206, 5, 45, 16, 225, 125, 111, 54, 26, 251, 217, 126, 183, 120, 8, 51, 215, 88, 31, 147, 142, 84, 74, 10, 158, 192, 7, 133, 11, 227, 30, 234, 13, 128, 165, 56, 93, 247, 130, 116, 171, 123, 101, 53, 121, 61, 34, 216, 115, 118, 23, 168, 49, 170, 20, 196, 33, 91, 21, 55, 153, 57, 25, 104, 155, 237, 98, 199, 94, 81]
921.63344
48116106

